77111-7111131111111 , 151

1111111, 1111, 1111. 1111111111, 111111 1111111 11111 111 1111111111,

ΗΔΕ, 1111111111 3386, 0204, 745. Sotae 111141 81111111 11111111, 11111141 4111111111 =

0111111 39649, 23843, 349443.

Zu 41111 11111111 11111111211114411 1111111111 1111111111 11111111 4117111111 Ι
1114111 4111111111 FH, 1111111324, 784, 1156, 411 111111ρί1111 111111 111. 24! in OF
41111111, 1111111111 in GF, 2538, 396, 4804, 11 11114111111111111118111111822312,
310464, 11553424, 1111 11111111 nach No. 24. 11412. gefunden 111141 4117111111
64574, 2438378, 436163. Nun 11111 51141 7711111114111111111111111111, so 11-
111111 sich der 1111111 4111 11111111 24111111 745389, 2676808, 4711273. Wann

1111 4111211111 111111 1111 411 01111111111411111111111, 1114111111 11111111111111
,1141111111 111111111411111111111. 52, 11 11111111 111 111 72013, 2616184, 4825219

¹» ’ 1141111 1115411 30, 44, 52. 111111 11111111. .

Aber 11111 411 Halbirung 4111 1111111 114 1111111 77111111 findet 1111 411Η111
1114 411Κ1111- 114 11111141111111411111 111714111111114 111172144, 261872,
46232. 1111111111 daun 1111111111, 4111 41111Η1111111111, 411611 1111111111 7711111111-
11111 im 31111111 111, 11111111 1111111 1111. .

11. oum· 1111 mmm, 11111ωῶ11 111111111111111111 1111111
tun · .

(11111111. 111111. 26. v01.1v; p. 595.)

Allo 41111 11111111 741111 1111111111) , &¹⁹-
111411 11111 111 4111111111. 7711114111 ge·-
11111 111, 1111 11 11111111 111141111111, so f
111111111111111111 11111111 1111116111 1111111.
411111, 411 411 1111111111. 34. 35. 4011111 0
11111111 1111111111, 4111 11111 1111111 1111111-
111, 11 1111111 1111 4111111111 auch 4111
1111111411 1111111 1111111111. Danu 41111· 4111
1111111 11114111.

111 11111 0111111114111, 1111111111 11 411
1111111 BE (11111111 gedoppelt 111111 411 ge·
41111111 ’ΒΑ 1111111111 11111114 1111111411 1111- ,
411 muse) 1111 dem 4111111 1411 mittem -·
2111111111 1111111111 (11111111 11111, 1111111111 ,
11111 No. 40. 411 81111111 411 1111111111 Ku-
gel (111111111111 11111 411 Bogen ΕΒ 11111
EA 1111111111 111111) 114 111111111111 411 zahl
111111 311111 mit 41121111 111111 1111111, 411
111111 11111111 111 41111 411 1111111. 111 Α
11 111 Citronenrundung durch 4311111111-
1111, 1111111 11131111111101111111111111 111, ’
1ο 1111111 11111111. 37. 38. 411 111111111ὶηὶ11.
1111 auch No. 63. genam, 114 111111111111
111111 [1115 11 411 11111111 HM! ΝΑ. 111
11 1111 211111111- 1411 Kmnheuundung, 111111- .
11111. 11 41111111 111 (41111111 1111111411) 1111 ),.”’
41111 111141ρί111111 Thai} oder (11011111 11111 D;
ablengn'n 0111111111 111111, 11 111111111111140.
411 81111111 4115111111 Kugel 114 111111- ²
.er 1111111 111111 11 11111111, 411 1111111111

 

