543 015151151111155555 .

115 1511 1551555511 1115 1125154 1551 151 111155 1151515155 5515551 151551151115151·
555511111515515551151551511, 555111511515 (10 11511151, 1555 der 51155 diameter
1151115151. 1115111555 muse 1511 15511555 1151511 1510115151, (1151555115111 1515111
durch 115 Τ115115 No. 12. 1511151511 11513. Lehr, dunn 1511151155 (115 01151511511
511 in die 1151551 1515 halben 111515115, 5551511511 15 16 15511111151155, 11151 502655,
1155 15 115 Η5511 GF, 112 515, multiplicia, 55 1155111151 1151151 20126 515.,151
merck, 1555 1115 der 1155111155 15115515 Buden, 15151155111155111111115151 1, 1151515115
55111151 515 50, 5111111511 251328, 115 5511111 51555151. 515555511551111151· 151 51115
11515155551115 5515111155 eduen 115 5151 nach 15115. 115111 151 1511151151, 1155511
1515111511, 5151511511515511155 (1111151 565651. 151 weil 15511 1511510151551151
01555511551551155 EAHFCG ein walger EPHFOG 1151555555 151, 1151555115511
5111 155 1511155, 155555 1111551 diameter 151 1,5, 1151111511 nu hernach 5155111151
1515511 gehen 11111555, 55 51111111Ιὶ511 1511 5155 15115151 11. 11551 aeine 1151511
225 15 den jelzgefundenen 1151151, 151 1111111 1115 11511111 1511155551 1151555111-
5151515115155116, 155111 1155111 1155 5155 151115555515 315511 15 151 15151551155
111111, 2911, 5555551155.

Wir 5515155 5155 nu 55115 01115155 konnen, 115 11115555 15551551 01151151·
15115115 GFO 1515511551 11511155; 1111151511 1151111511 00 05, 115 5155110511 1511 5111
1001115150, 1155 (111111115111115111 halben (1155515111, 1151 11,1, 15151116515155
151 Τ1115115 No. 17. 686, (115 multiplieir 1511 111511 1151511551 115111 15 115115151111555
11515551155151112025 1511 55555115 55 115 1151151115211151, 551515151511 139. 111
1155 diser Circhelsehultz 515111 viel 511111511155 515155511515555 51551551 11151111
1515115155. Multiplieir dlseu Schultz in 155 1155111115 1155 1151555151 5151551111-
151, 15111511115151151111115511511511 151155, 5151511511 15 251328, 5ο 1155111131,9,151
(151 Theil 1511 1151115151 durren, die sich einum Spult 15111515551, 51155 J'hn 1115151
1511 151 15511511515111111151365654 51511151 59115111, 1ο 515151 115 11515501·
unnenruuduug 1,65. 11111155 1511515155 Theil ¹von der andern 6111511515 vnsere
1115155115 111151 5515515 1515155, welche 1515515551 durch ΕΑΗΡ 151 FGGO.

Der audere Thell 151 bald 15115155, 1511151551 sich 1555 515551 span, 5511551
515 1151 151 1515115155 EG ist, 51511151 151515551556015111ς 15511111151115151111555
(1551511515515555 8111115111 1551 1151551 diametro EG, 3, 1115 11551111, dividit 151
5111 1551 diametro 1555 Β51555 151 11555515 1151151 5151 1151515551111, 5115511511 1511
8, 55 findet 51511 130931, 151115 151515815511 1555151051151, 1515151 die 155155
(1111511171. seue 15155 die 551515515551151151 515111111511115555, 51155655
2911, 55 515 155 5511111511155111115511 111515 der 11151555155 1151111 1515515551
611155551551551, 51511155 1388.

111115 555 515 1551 dieue 5111155 1115 551, 55151 1115111111 11551151 1155 151 l

(111115 Theil 151 Β55511, 151 515 1515151 1151511515151, 15151151 51155 cylindros 1555155
volte, einen 15111551 diametro 1555 nonense, 1151515111 5101511111515115155
81551151, 1115 515 11151511, 1151115115 155 einen 1511552911, 155151515 5119.
111511 515 1155 51151115, 55 15515 511016, 55115 1388 5515, 151 111515 1111115515
5111551 1511151155015111515551115111155 drey Emmer 111 115115. 115511 151 duppel·
155 Κ5151515511515555551 No. 52, (115 151, 111115 151 Β15511 515111 1555155 11515, son·
1511115111 155 551155 31155 55511 1551 15511151 51115115, 151 1115 115 Belhel 51551
11511511 5115515, 515 die 1151555511555151511 011111151511, 55 15515155 zu dese
Bodeue 1111115115 515 1111155111511 dem Vnderneheid beiden diametrorum 1, 15115151-
11111511151155 1155 15 155 15151555511, 115 51151115 3 151 515 1111111511, 1111555115 155

’ 1111511151551155 3, 1151519, 1555121115151111111511. 11151 51511111151115 155 ³

in den 1115111515 1111151 5151 Wellen 2911 151 111111115 55 5111 9, 1111115 1511 3595,
noch 11551151 1555 15151 bey 151 1515515511 Η115151551.

05 555 1151 51551 555, 1555 115551 Proreus vnderweileu 5611155151 15
mune 1511 1555 555555 55155555, 1555515561511111551111 5551511155 151511,
1155 men nur 111515 155 1555 111511151555155 815515 115155 5151 5155 gentse

Kugel 11 5155111 5515555 115155, 1115 1111551515 55151, 1511551115551515.

 

