ἱ 500 011111111111111111

111 11111111 11111111111811111111111111111111111111111111111111,1ο vere ,

sein 111111181111 1111111111 1111111 2111111 oder Wellen 1111111111 81111, 111111-

. 111111111132901111111111136111111121 111111111111111110111111160 1111 Ι1290,

111118197100, 1111111111·1111361,1111111511,11111111111290,111111111111111
· 11111111111111837 vmb 188 11111111, daun 11111111 1111111111 1111811111 111 81111
1111111111111111111 were, 1111111 11111111021, 11 11111111 21 111 bei my 1111-

11111111, 11111 1111 111· 111111111111 811111 111 111111 81111 zum 111111 11111111 ’

vmb 11121. 11112211111111111111111111,1111 111111 1118111111 1118111111 11111
1111 81111 11111 11111

81111111 11111111111, 111 1111811111 111181111111111111,1111111111,1111
jhme 1111111111111111 gegeben worden 27, 111 (111 diameter 111 81111 1111111111
11111911111181111122. 81111 111 1111111Τ11111111111 111111111111111,11111111

111111111111111111127111729, 111 die 11111111 111 dem Vbormass 22 11111 19. ’

11111111 1ο13, 1119, 1111111 mit Ζ11111111111111229 111 9, 111 7111111111 111
, 1811121111111111111111111738. 811711111111111111311 (111111 were 11111111
diameter 1111 811111) 111 1111, 111111 118111111111111122,111 1111111 111111Τ11-
11111111 1111 1117111111231 nach 11171. 111 711. 11111111 vmb 111 11111111111-
111 daun 111 011111111111111 81111111 1111111.

8111111181111111111. 101111111111111118111111110111111111111111111 Foru
1111111111, daun 11 11111 1111811113, 1118111111,111Ι111111,1231. 8111 mn
1111111 2111111111 811113,11111111110,111111111,11111111111111,5,11111111111
111 11111111’111111111111111111111111 zum 8111111 11111 111 1111 01111111111111111111
811111. 811111 1111111111 11111111 025, 111 111 7111111 111 2111111111 05 1111111111
1111111111 1181111111111111111111111111111 1118111111. 11111111111111121,
1111117111111 zu 1111111111 8111111111. 81111 111 1118111111 1111111111, 111 111
2061551111 111111111231 111 1111111111 111 1111111811111. 7111111 also 1111
Fun die 011111111111111181111. 81111 111111111111 11111111, nach 111 011111111-
11111111 1111111111, 1388, 1111111111 111 11111111 1111111111111111111111111113913
11111111 11111111111111 3,.91, 111 111 11111111 111 1111111 111111 11111111.

Sibe 11, 11111111 11111111111111 111111, 111 1111 mit einander 1) 11111-

1 111111111111111 11181111, 1111111111 111111 3, 1) 11111111 211111 111 8111111,

1111111111 1, 3) 11111111 1711111 1111 1111011111111111111111811111111111 der
01111111 111111111111 [1111111111 21111111, 11111111 113 11111111, 1111111-
11111111 11111111111111111181111 vom 8111111 111 gagen 1111 einen 111 dem
11111111 811111, 11111111 111 eine 111111 111111 11111 1111 8111111 11 11111 11111
1111181111, 1111 dass 11 1111111111 vmb 111 8111111 einen 8111 111111, 111
undere 1111 111111 vmb das 8111111 einen 11111111 81111, 1111 111 11111111 81-
111 111 2111111 1111111111 1111 81111 11111 11111111, 111 111111 111111 noch ein
11111111111111111,111 11111111 11111 11111 111 1111111181111111118111111
11111111 11111 dem 111111 8111111111111111111 111111111111111111111111111
bey aller 1111111111111111111 (111111111111111111 diser 1111111 111111111111111
Vngleiehheit wegen, noch 111 111 81111111 111 111611 1111111111 8111111 mehr
1111111 11111 1111111111, 1111111 11111111 Kriimme 1111111111 1111811111] 111
811111 1111111 11111111, 1111111 mit 1111111 Grund 1111111111, ob ein 11111111
8111 (111 vmb 111 1111111111 1111111111118111111 111 111 811111) 1111111111
11111 81111111 111111, 11111 11111111 die 0111111111111111171111111111111 1111111-
11111 111 11111111111118111111111111115111111111 111111 1111111111 811111111111111
bey No. 63. 8111 hat 15111111 an den 1111118111111111111111 einen 1111111111
1111111111 11111 111111 11111111. Vnd 1111111111111111 man 1111111111 11111-
111111 mit 1111111111 0111111111111111111 ohne einige 8111111111 1111111181111111
11111 einander 1111111111, 111 die 1111 nach 1111911111 1111111111111111111, 11
111 sich 1118111 1111111. 71111111 1111111111 11111 111 111 1111111111, also

 

