510 0010000000οο

01000000, 0101101000 14 0101 10100 (11101010 1010 11, 1110101000 10101, 1100
0101010 1101000 400 1010111 01101101, 10101 314 0010001 1001001 1011 01010001
001001. 0100 01100 mit 001 dritten 1101100 0001010110111000010000,11000 0111
11111101 0011 11 Ρ10000, 10 0011 010 110001· 110 1111001111Ρ1000; 1100001100
010 0100000000101001010110 8000 Ρ11100, 100111 110100 0010001010011,11000
mann 1111100001 001100 001101 10101 durch detti 4190 Pfund. 11000 das Ge-
wicht, 1110 000001, 101001 001 0000 00110001110000 111110, 000011 0010111000
10001 010 01110000 1001101000 11000.
, Es 0111 0001 0101111001 detti auch 1101101 10 0010000 1111100, 00 010 200-
100 00 da lang, 100 01000 00 1000100 01011, 00011000, 01011100 boch 00-
00111100, 1000101000001 0001100001 werden. Danu 001100 010 11101000 Corpus
, 00 00110 0100111 0100000, 100010 1100110000, 01001100, 100 0010000100 01110, 010
Longe 10 01001 000010 101100 00011000 101. 11000 1000000 110100, dass ein
00100101 11010 0100 0011 00000 0100111 000010 0010, 1110 0000 011000 001100-
1011 100100 0001 11010001 0100 00000 0001 000010, 00110 001000 1011 1101 1010-
0000 00100 001111 010 0100 1001 0101 0100 001000 Lini, 11000101 das 00110010
eorpus, 10101 im facit 000 000010 Corpus, das 100 000 1000000 001100.1 0001
010 101 011 1110000, 0000 001000 11101011 01001 00100 001000 00100111 010100-
000000010 100100, 0000010 01000100 1010100 selber, 0001000100000010
00100010001100000010010 010000, 00 010000 0100000 01100 01010000 01000-
001000110000 01100. 01010 0110100 Κ110010, 11000 010 0100 1001 11010 001
diameter zu der 0100000 Κ11001,00 11111 010 000010 0001001100 01001 001 010-
1110101 00 001 10010010 110001 00010 0010, 0000010 0101000010111010 010011

’ Ι 00100, 0001 000 01001 seiten stehen.

1011000010 001100 vader einander 0010100001 sich 01011101 010 110001 00111·
000101100011010000001000 10111101.

Wann 0001010 01002001 von der Feldung 00100101, 010 000010 vom
Zaun 00100, 0001 0100100 100 001 11000, 010000010100110001110000 Ram,
0100100100 001Ηο011, 0100000101001110111001, 01001001000010010000
000110001010110,010 00001 100 0001 11010 0001011110, 00 0000 010 jede
Sorteu der 0101000011 0001 0111100000 Μο000 00000 00100100100000 110000· 10
01010001 11111000 00001100 0010οε 010 0110 Κ110010 100 1001000100 001 010-
meter 00010, item zwen Cubi 100 100 010001 30000 0010 11000 0001 seiten,
0000 00 011101001 01011000 00111, 0000010 111000101001001001011000100-
010000 10000001001010 010 110001 000001, 0100101000ος 1000100110000100
1000101000001 1010000001.

1)01010101“011,11000 0100 Zahl 0111010 01111000010000000111101, 010
011001 0100 00101100, 00 0111100010 quinque, 0000 30000101000011000 1111100
, 0110110111 0010111 100 10001000 multiplicia 1101000, 0001101000000111111010
110100, 100 0100001111 01110111 1110110001 00111.

Exempel: in 010001 01101101 19 Sohuch 01011 0111 01000101 11111000 0100000000
100 811101 1101000 01001 0011111011 100000, 1110111 deren 811101 11111100 0100111 01101101,
0000011 0101110 010 diameter 22 80011001 011010 001100010191011 010 22 nur 01110
0111111000 2100101 0001 0100101011, da doch der 01101101 1110101101 100 0011 1000001100
00 01011 101, 100 0111 11100111 0001110 0000010100 11101. 1111100000 010 100 00000100 000
1000001100010, 001100 0010010011 00100 0111100010 quinque 0100 10190101110110111
301 0101 100, 1100 22 2200111011011184110101131, 001011100001101000101 01101101
100 22 00000000, mit der 10110011 Mass 0011100000

 

