100-1111111011. 111

80 011 0011011 01111111 100 011 0101110 Kugel 11111111 were, 1ο 100111110οἰ11 10
010 11010001 10, (1111011111 1101001 durch ΟΡ, 10 hosta, wie vil der 8100111 HKD
wege. 4111 011 Kugel wege 100 pf. 0101ορ111111 011 142049, kompt 14204900, dau
0111011011οο 356250, 1ο 1101001 0110100 40 pt, 10 11111111 der 80110111 ΗΚΙ), 1110
010101 dem 11011110 8000111 11111100 pf.

Noto. Dieweil 11 0011 doeh 11111101111101 1101111Μ11011004100110101,
010 100 0110111010 001110 1111 Τ1100110 100 1100000111 Kugelschnitze euange-
1100011010 01οο10 No. 11110 01111011 100 0100000111 011011111001111111110010.
1111001 10110 1011 0111 00111 10110100, 11100 011 01100 diameter von 011 Kugel
1110111011111110 100 longer, 1011 1111000 1010000 1011011111, 100 1010 cubus
in 10000001111111011111 10111, 1001100110 11111110 11111110, 1110111 1011011 ge·
1110011111Το111 10 110101 10010 8000111 1110111, 0000 01001 1000111, du 1111111
donn 111101 0000 110 1101100 daran, welohe 011 100 0011 00110111 vogen 1101110- .
111100 111. 3000100011, der 01111 8100111011 1010011 Το111 01101001 33, 100,-
001 330, 011101110 0001011 0110100111 01001 001 209439, 1000110 2094390110.
771111 1011001 diameter getheilt 10 100000 Thoil, 10 0101111110 11010 1101100111
01001100103101 1111011, 1111111100 010 Reum 01118100111110110 101100170111000.

roseo 11 'em 1111101101.

010 20 30 40 50 00170 80 90Ι

0 3036 11728 25440 43502 05446 90479 118019 147443
33 625 1156 1022 2030 2307 2657 2871 3021
1 33 3061 12884 27008 45592 67813 93136120890 150404
32Ι 082 1205 1007 2005 2399 2679 2830 3034
2 125 4343 14089 28735 47057 70212 95815123780 153498
155 730 1254 1712 2103 2428 2700 2907 3045
3 280 5079 15343 30447 49700 72640 38515 126087 156543
217 791 1303 1753 2140 2458 2720 2917 3057
4 497 5870 10046 32200 51900 75098 101235 129004 159600
275 846 1354 1796 2170 2488 2733 2932 3007
5 772 6710 18000 33990 54076 77586 103974 132536 102607
336 899 1400 1835 2207 2519 2702 2949 3075
0 1108 7015 19400 35831 56283 80105100730135485 105742
394 950 1443 1873 2242 2552 2785 2900 3083 ’
7 1502 8565 20843 37704 58525 82057109521 138451 10825
453 1002 1492 1915 2275 2583 2812 2985 3091 .
8 1955 9507 22335 39019 60800 85240112333141436 171910 .·' ⁸
512 1055 1532 1952 2307 2605 2833 2999 3102
9 2407 10022 23807 11571 63107 87845115106114435 175018

i 111 1101 1111 1111 1111 1111 1111 1000 ..1101- 1111
1 ‘ 100 ’2011101

Dios Τ1111110 01111101 11101 11100 00 hest von 0101 001111100111017111

11101 0010 DI 100 010 011010 diameter 101 Kugel DA oder ΗΑ 10 0010001 ’

01101000010 Μ1111, 10 11110 1110 Nullon zu der Η61001, 1111 1101001, 01101-
11011 1011 ΗΑ, 011 10111 0011001111 1110100 010011011 1110110111 Ziffer‚ 1111111011
01011000110010 im Τ111011, 010 zahl 1011 1001110010 100010111011110101111111,
10 0001110 im 011011111ςο 010 0010 0111Κο111100011101 111001 011 differente
10110010 111010 1101100 Zahlen, durch welche 1010 partem proportionalem 100
010 Β1010 101011, 10 11011 1010101110. Multiplioir hernach 010 1110000010 Leib
indie 0001011101 100 ΗΑ, 100 1000110100 11111 11110 01011 010110 ob, 10 01110
wie 11011 0011800011111 1110 11110 011011 0101010010 111111.

1

 

