604 033111313-113131·Β13111313. 1113111131 (13111311 131 11313133

Die 1113113313 3131111331133113 1131131 131133 1317131133 11111311 1131
gewegen, 133 1313131133 331131131113331311 313 1311131131 (1311311, wie
33313113113113331. 131331 131 131311 13113331 1133 31311 13113313. 333131-
1131113133 1311311 13 11331131 1133331, 131) 131 313 11311, 11131 113331
- 311, 113 1111311333 1615133131 jenseit 131113331313111 131113311311 ge-
11331333, 3331 dem Μ31133 33113133 92 Pfund, 11311333 91 Ρ1331, 133
1133331313113 131Μ31333 129 Ρ1331, 13131133 13131, 1333 313 8311111131-
ling 3131 30 11133131 113133 33 3311111331, 313 12 Μ31333 ’11311 3131 10
1131133113113.

Η131331111313131333 113 8311113313133, ’1333 313 8311111311 1311 11131-
33113113131111313133133 kann, 1133 33 mit 11313 13111311, 111133 1111113333
1111 31333 Α13313 1313. 1133 131 1133Ι 0113 1111113113111 31333333333, 113131
' 3131 13 33311313331313 11131111.

11111111 113111

831111111133 [11311131 ΗΜ

11333

8331133113 11. 13. 15. 14. 11. 20. 11. ’1.
11ωαὶ3313133τί3 16. 17. 21. -22, 23. 8.
81133113 18. 21. 24. 21. 28. 32. 9. 10.
·1113113 25. 28. 31. 33. 38. 12. 11. 12.
11113113 32. 36. 10. 13. 18. 53. 13. 15.

‘’t--a-——u- nnn—“—

’11331133 33. 33. ,1331131113 133. 33. 33. 3⁶.—

1133313311 1333 3313111311, 11311 33 3131, 1133 1131113331 13113, 1333 313
31311 31331133. 13111311, 331 133 Η3111 3133131313 ein wenig 1311111 guum,
313133 3133 11313 11311, 313131 33 111111 33111 3111331. Dae 1133133 113 831111-
13313 wolin 3311, 131 13333 131 (131311 33111131 fiir: 133331 333311333133
,1333 1313333133. 8333133 131 131 11313 1331 gleiche 1131111113 3111 dem 1133-
331, 11113 11113131 311313 33 bald 13133 313 oben im 111133, 3331 13131111 131

’ Schwal truege. Sol also, diser Reehnung 3331, 313 11333111 8311111311 133131

11313 3313133, 31311 gar 1313133133.

Μ11 131 ’1131113111131 33 11133313 (1313111, 1333 3111131 133 ’11311 1131133
13131131 13133133 worden 1333 13111313, 13133 1331311313133 33131331 ’11311
1313313133, 13313113331111313 Lam, 131 3111331113 133 Κ313113 11313 131,
13 313331 8311111 3131 (131333 3133133333 131, 3133 133313131133331 13133 1133,
11333 31131133 1133331 131111 133, 33 3133131 313 131311131131313131 13-
113333, 131 3133 auch 113 133133 11331, 13331331133331 1131111 113 113111 3333.

98. 1131313111 331 Β313111133 131 Μ3131133 331 andem 3393133133 Sortem

1113 333 113133 No. 13. gemoldet worden, 1333 (13111311 1311311) oder
113313 311131333131 gehen, 313 131113 3313331131 131 1313313 zu 31313133, 1333
3313133331 1333133311 gelte, 11333 313311313113 131 Rege} 13111 133 331
31331131 Zeug 1331311. Ε3 33131 aber 113 Metalla 13133131311133113 3131
11331333, 113113 2311133311 13113131, 31331 3311111131 131 331113331311131

’113111133133331 Schiff 131 1113111133 werden von 3133113113333 Foru md
Zuboreittung 1313133133, nicht 31311311 31331 1331313133 1111333.

 

